zonb1,images/S2.png,4,4,150,200,750.0,425.0,0.2,150.0,3;
zonb1,images/S2.png,4,4,150,200,1500.0,425.0,0.1,250.0,3;

zonb1,images/S2.png,4,4,150,200,9250.0,425.0,0.1,350.0,3;
zonb1,images/S2.png,4,4,150,200,10250.0,425.0,0.1,350.0,3;

drag1,images/Dragon.png,4,4,250,300,5750.0,-1450.0,0.1,350.0,3;
drag1,images/Dragon.png,4,4,250,300,6750.0,-1450.0,0.1,350.0,3;

cav1,images/Cavalier.png,4,4,200,250,6500.0,-2650.0,0.1,350.0,3;
cav2,images/Cavalier.png,4,4,200,250,8500.0,-2650.0,0.1,350.0,3;
cav3,images/Cavalier.png,4,4,200,250,7500.0,-2650.0,0.1,350.0,3;

cav4,images/Cavalier.png,4,4,200,250,10400.0,-5150.0,0.1,350.0,3;
drag,images/Dragon.png,4,4,250,300,10950.0,-5150.0,0.1,350.0,3;
drag,images/Dragon.png,4,4,250,300,12000.0,-5150.0,0.1,350.0,3;
zomb,images/S2.png,4,4,150,200,11500.0,-5150.0,0.1,350.0,3;
